7 1 8 5 2 3 9 10 4 0
7 1 5 8 2 3 9 10 4 0
7 1 5 2 8 3 9 10 4 0
7 1 5 2 3 8 9 10 4 0
7 1 5 2 3 8 9 4 10 0
7 1 5 2 3 8 9 4 0 10
1 7 5 2 3 8 9 4 0 10
1 5 7 2 3 8 9 4 0 10
1 5 2 7 3 8 9 4 0 10
1 5 2 3 7 8 9 4 0 10
1 5 2 3 7 8 4 9 0 10
1 5 2 3 7 8 4 0 9 10
1 2 5 3 7 8 4 0 9 10
1 2 3 5 7 8 4 0 9 10
1 2 3 5 7 4 8 0 9 10
1 2 3 5 7 4 0 8 9 10
1 2 3 5 4 7 0 8 9 10
1 2 3 5 4 0 7 8 9 10
1 2 3 4 5 0 7 8 9 10
1 2 3 4 0 5 7 8 9 10
1 2 3 0 4 5 7 8 9 10
1 2 0 3 4 5 7 8 9 10
1 0 2 3 4 5 7 8 9 10
0 1 2 3 4 5 7 8 9 10

insertion sort